Sample	uniquely_mapped_percent	num_splices	num_GCAG_splices	insertion_length	deletion_length	unmapped_tooshort_percent	avg_mapped_read_length	deletion_rate	mismatch_rate	avg_input_read_length	num_ATAC_splices	num_annotated_splices	num_GTAG_splices	uniquely_mapped	multimapped_toomany	unmapped_mismatches	unmapped_mismatches_percent	total_reads	unmapped_other	insertion_rate	unmapped_other_percent	multimapped_percent	multimapped	num_noncanonical_splices	unmapped_tooshort	multimapped_toomany_percent
SLX-14347.D701_D504.HVFCGBBXX.s_3.r_1_trimmed_Oar_v3.1	64.5	269744.0	1634.0	1.45	1.69	5.99	49.08	0.01	0.49	49.0	93.0	0.0	266316.0	4404133.0	73511.0	0	0.0	6828540.0	13661	0.0	0.2	28.24	1928086.0	1701.0	409149	1.08
SLX-14347.D701_D504.HVFCGBBXX.s_4.r_1_trimmed_Oar_v3.1	64.37	276516.0	1641.0	1.46	1.66	6.08	49.1	0.01	0.48	49.0	123.0	0.0	273051.0	4499618.0	75525.0	0	0.0	6990354.0	13972	0.0	0.2	28.27	1976494.0	1701.0	424745	1.08
SLX-14347.D701_D505.HVFCGBBXX.s_3.r_1_trimmed_Oar_v3.1	63.77	362782.0	2342.0	1.45	1.64	3.26	49.09	0.01	0.64	49.0	167.0	0.0	358002.0	6879266.0	112865.0	0	0.0	10786881.0	24851	0.0	0.23	31.68	3417665.0	2271.0	352234	1.05
SLX-14347.D701_D505.HVFCGBBXX.s_4.r_1_trimmed_Oar_v3.1	63.76	371947.0	2147.0	1.46	1.64	3.23	49.11	0.01	0.63	49.0	155.0	0.0	367325.0	7057809.0	116490.0	0	0.0	11068854.0	26573	0.0	0.24	31.71	3510357.0	2320.0	357625	1.05
SLX-14347.D701_D506.HVFCGBBXX.s_3.r_1_trimmed_Oar_v3.1	65.98	438638.0	2636.0	1.49	1.71	4.74	49.09	0.01	0.55	49.0	166.0	0.0	433191.0	7623312.0	175638.0	0	0.0	11553174.0	26593	0.0	0.23	27.52	3179590.0	2645.0	548041	1.52
SLX-14347.D701_D506.HVFCGBBXX.s_4.r_1_trimmed_Oar_v3.1	65.87	449338.0	2611.0	1.48	1.7	4.79	49.11	0.01	0.54	49.0	172.0	0.0	443998.0	7815917.0	180984.0	0	0.0	11865772.0	27328	0.0	0.23	27.58	3272414.0	2557.0	569129	1.53
SLX-14347.D701_D507.HVFCGBBXX.s_3.r_1_trimmed_Oar_v3.1	58.05	415407.0	2347.0	1.47	1.72	5.47	49.11	0.01	0.33	49.0	191.0	0.0	410451.0	6355051.0	149941.0	0	0.0	10947456.0	28488	0.01	0.26	34.84	3814628.0	2418.0	599348	1.37
SLX-14347.D701_D507.HVFCGBBXX.s_4.r_1_trimmed_Oar_v3.1	57.98	425982.0	2417.0	1.47	1.69	5.57	49.12	0.01	0.32	49.0	163.0	0.0	421011.0	6501008.0	153096.0	0	0.0	11212497.0	29166	0.01	0.26	34.82	3904399.0	2391.0	624828	1.37
SLX-14347.D702_D504.HVFCGBBXX.s_3.r_1_trimmed_Oar_v3.1	64.75	265719.0	1601.0	1.47	1.72	5.25	49.08	0.01	0.52	49.0	89.0	0.0	262271.0	4352305.0	85496.0	0	0.0	6721617.0	14791	0.0	0.22	28.51	1916059.0	1758.0	352966	1.27
SLX-14347.D702_D504.HVFCGBBXX.s_4.r_1_trimmed_Oar_v3.1	64.64	273750.0	1666.0	1.51	1.74	5.3	49.1	0.01	0.51	49.0	79.0	0.0	270187.0	4457040.0	87820.0	0	0.0	6894715.0	15169	0.0	0.22	28.56	1969259.0	1818.0	365427	1.27
SLX-14347.D702_D505.HVFCGBBXX.s_3.r_1_trimmed_Oar_v3.1	59.51	362431.0	2154.0	1.46	1.67	3.35	49.09	0.01	0.46	49.0	144.0	0.0	357922.0	5542206.0	117892.0	0	0.0	9312669.0	16735	0.0	0.18	35.7	3324388.0	2211.0	311448	1.27
SLX-14347.D702_D505.HVFCGBBXX.s_4.r_1_trimmed_Oar_v3.1	59.47	374491.0	2193.0	1.47	1.68	3.35	49.11	0.01	0.46	49.0	173.0	0.0	369867.0	5703908.0	121478.0	0	0.0	9590459.0	17287	0.0	0.18	35.72	3426057.0	2258.0	321729	1.27
SLX-14347.D702_D506.HVFCGBBXX.s_3.r_1_trimmed_Oar_v3.1	65.8	375642.0	2259.0	1.54	1.64	3.8	49.1	0.01	0.67	49.0	140.0	0.0	370849.0	7372372.0	144682.0	0	0.0	11204478.0	26852	0.01	0.24	28.88	3235419.0	2394.0	425153	1.29
SLX-14347.D702_D506.HVFCGBBXX.s_4.r_1_trimmed_Oar_v3.1	65.73	386683.0	2255.0	1.54	1.63	3.79	49.12	0.01	0.67	49.0	185.0	0.0	381721.0	7594415.0	149024.0	0	0.0	11553366.0	27729	0.01	0.24	28.95	3344315.0	2522.0	437883	1.29
SLX-14347.D703_D504.HVFCGBBXX.s_3.r_1_trimmed_Oar_v3.1	66.65	461176.0	2911.0	1.48	1.7	4.08	49.07	0.01	0.41	49.0	201.0	0.0	455359.0	6600243.0	126614.0	0	0.0	9902793.0	21779	0.0	0.22	27.77	2750262.0	2705.0	403895	1.28
SLX-14347.D703_D504.HVFCGBBXX.s_4.r_1_trimmed_Oar_v3.1	66.61	474727.0	3128.0	1.47	1.69	4.13	49.09	0.01	0.41	49.0	177.0	0.0	468663.0	6803999.0	131057.0	0	0.0	10214150.0	22502	0.0	0.22	27.75	2834167.0	2759.0	422425	1.28
SLX-14347.D703_D505.HVFCGBBXX.s_3.r_1_trimmed_Oar_v3.1	66.69	408909.0	2507.0	1.29	1.63	4.71	49.08	0.01	0.68	49.0	151.0	0.0	403975.0	7325512.0	137250.0	0	0.0	10984856.0	23104	0.01	0.21	27.14	2980804.0	2276.0	518186	1.25
SLX-14347.D703_D505.HVFCGBBXX.s_4.r_1_trimmed_Oar_v3.1	66.63	425337.0	2485.0	1.31	1.59	4.75	49.1	0.01	0.67	49.0	191.0	0.0	420469.0	7573526.0	142556.0	0	0.0	11365730.0	25021	0.01	0.22	27.14	3084403.0	2192.0	540224	1.25
SLX-14347.D703_D506.HVFCGBBXX.s_3.r_1_trimmed_Oar_v3.1	66.14	285255.0	1408.0	1.51	1.65	5.53	49.04	0.01	0.68	49.0	96.0	0.0	282281.0	5277089.0	75758.0	0	0.0	7978384.0	16749	0.0	0.21	27.17	2167741.0	1470.0	441047	0.95
SLX-14347.D703_D506.HVFCGBBXX.s_4.r_1_trimmed_Oar_v3.1	66.04	295705.0	1360.0	1.49	1.65	5.56	49.06	0.01	0.68	49.0	92.0	0.0	292792.0	5444304.0	78500.0	0	0.0	8244027.0	17326	0.0	0.21	27.23	2245175.0	1461.0	458722	0.95
SLX-14347.D704_D504.HVFCGBBXX.s_3.r_1_trimmed_Oar_v3.1	67.93	473509.0	2927.0	1.5	1.67	6.05	49.06	0.01	0.75	49.0	171.0	0.0	467636.0	8679326.0	165481.0	0	0.0	12776865.0	30677	0.0	0.24	24.48	3128055.0	2775.0	773326	1.3
SLX-14347.D704_D504.HVFCGBBXX.s_4.r_1_trimmed_Oar_v3.1	67.91	487395.0	2981.0	1.47	1.7	6.09	49.08	0.01	0.75	49.0	198.0	0.0	481423.0	8908154.0	170645.0	0	0.0	13117511.0	31499	0.0	0.24	24.46	3207933.0	2793.0	799280	1.3
SLX-14347.D704_D505.HVFCGBBXX.s_3.r_1_trimmed_Oar_v3.1	64.42	503255.0	2949.0	1.5	1.66	3.72	49.07	0.01	0.51	49.0	180.0	0.0	496985.0	7251463.0	157312.0	0	0.0	11256426.0	19152	0.0	0.17	30.29	3409406.0	3141.0	419093	1.4
SLX-14347.D704_D505.HVFCGBBXX.s_4.r_1_trimmed_Oar_v3.1	64.37	520170.0	3017.0	1.5	1.66	3.74	49.08	0.01	0.51	49.0	209.0	0.0	513837.0	7488543.0	163208.0	0	0.0	11633785.0	20903	0.0	0.18	30.32	3526822.0	3107.0	434309	1.4
SLX-14347.D704_D506.HVFCGBBXX.s_3.r_1_trimmed_Oar_v3.1	60.41	204220.0	1452.0	1.32	1.66	4.33	49.11	0.01	0.64	49.0	100.0	0.0	201173.0	4412976.0	61740.0	0	0.0	7304477.0	16831	0.01	0.23	34.17	2496078.0	1495.0	316852	0.85
SLX-14347.D704_D506.HVFCGBBXX.s_4.r_1_trimmed_Oar_v3.1	60.36	210503.0	1423.0	1.32	1.68	4.37	49.13	0.01	0.64	49.0	104.0	0.0	207567.0	4543823.0	63167.0	0	0.0	7528144.0	18052	0.01	0.24	34.2	2574410.0	1409.0	328692	0.84
SLX-14347.D705_D504.HVFCGBBXX.s_3.r_1_trimmed_Oar_v3.1	66.62	416496.0	2549.0	1.48	1.7	4.15	49.07	0.01	0.57	49.0	199.0	0.0	411653.0	6274593.0	145448.0	0	0.0	9417816.0	19793	0.0	0.21	27.47	2586834.0	2095.0	391148	1.54
SLX-14347.D705_D504.HVFCGBBXX.s_4.r_1_trimmed_Oar_v3.1	66.58	426317.0	2643.0	1.46	1.71	4.14	49.08	0.01	0.56	49.0	161.0	0.0	421336.0	6385690.0	149182.0	0	0.0	9590986.0	21099	0.0	0.22	27.5	2637972.0	2177.0	397043	1.56
SLX-14347.D705_D505.HVFCGBBXX.s_3.r_1_trimmed_Oar_v3.1	65.31	256523.0	1416.0	1.49	1.63	6.27	49.09	0.01	0.75	49.0	112.0	0.0	253759.0	5105889.0	98147.0	0	0.0	7818441.0	17991	0.0	0.23	26.94	2105960.0	1236.0	490454	1.26
SLX-14347.D705_D505.HVFCGBBXX.s_4.r_1_trimmed_Oar_v3.1	65.18	260595.0	1554.0	1.49	1.64	6.33	49.1	0.01	0.75	49.0	118.0	0.0	257629.0	5209522.0	100488.0	0	0.0	7992224.0	18380	0.0	0.23	27.0	2157993.0	1294.0	505841	1.26
SLX-14347.D705_D506.HVFCGBBXX.s_3.r_1_trimmed_Oar_v3.1	65.92	248558.0	1637.0	1.51	1.69	7.56	49.09	0.01	0.59	49.0	103.0	0.0	244932.0	4869086.0	58795.0	0	0.0	7386381.0	16992	0.01	0.23	25.49	1882984.0	1886.0	558524	0.8
SLX-14347.D705_D506.HVFCGBBXX.s_4.r_1_trimmed_Oar_v3.1	65.78	253534.0	1705.0	1.5	1.73	7.64	49.11	0.01	0.58	49.0	101.0	0.0	249798.0	4960893.0	59455.0	0	0.0	7541683.0	17345	0.01	0.23	25.56	1927838.0	1930.0	576152	0.79
SLX-14347.D706_D504.HVFCGBBXX.s_3.r_1_trimmed_Oar_v3.1	64.21	355976.0	1987.0	1.45	1.66	4.6	49.08	0.01	0.82	49.0	145.0	0.0	351935.0	7395107.0	154414.0	0	0.0	11516498.0	26449	0.0	0.23	29.62	3411538.0	1909.0	528990	1.34
SLX-14347.D706_D504.HVFCGBBXX.s_4.r_1_trimmed_Oar_v3.1	64.14	365213.0	2051.0	1.47	1.66	4.61	49.09	0.01	0.82	49.0	158.0	0.0	361149.0	7613071.0	160601.0	0	0.0	11868801.0	27311	0.0	0.23	29.66	3520408.0	1855.0	547410	1.35
SLX-14347.D706_D505.HVFCGBBXX.s_3.r_1_trimmed_Oar_v3.1	63.0	149053.0	795.0	1.46	1.57	5.8	49.1	0.01	1.0	49.0	69.0	0.0	147256.0	5524737.0	72707.0	0	0.0	8769466.0	27196	0.0	0.31	30.06	2635990.0	933.0	508836	0.83
SLX-14347.D706_D505.HVFCGBBXX.s_4.r_1_trimmed_Oar_v3.1	62.91	153458.0	877.0	1.46	1.56	5.85	49.12	0.01	0.99	49.0	69.0	0.0	151533.0	5710412.0	75710.0	0	0.0	9076466.0	28135	0.0	0.31	30.09	2731273.0	979.0	530936	0.83
SLX-14347.D706_D506.HVFCGBBXX.s_3.r_1_trimmed_Oar_v3.1	62.98	209860.0	1468.0	1.46	1.63	6.73	49.08	0.01	0.93	49.0	111.0	0.0	206775.0	5946658.0	55282.0	0	0.0	9442230.0	22645	0.0	0.24	29.47	2782633.0	1506.0	635012	0.59
SLX-14347.D706_D506.HVFCGBBXX.s_4.r_1_trimmed_Oar_v3.1	62.9	218189.0	1488.0	1.47	1.63	6.78	49.1	0.01	0.92	49.0	110.0	0.0	215043.0	6145850.0	57393.0	0	0.0	9770120.0	23432	0.0	0.24	29.49	2881494.0	1548.0	661951	0.59
SLX-14347.D707_D504.HVFCGBBXX.s_3.r_1_trimmed_Oar_v3.1	70.74	591398.0	3614.0	1.46	1.67	4.31	49.04	0.01	0.56	49.0	233.0	0.0	584333.0	8188553.0	216363.0	0	0.0	11575605.0	21993	0.0	0.19	22.89	2649808.0	3218.0	498888	1.87
SLX-14347.D707_D504.HVFCGBBXX.s_4.r_1_trimmed_Oar_v3.1	70.72	617220.0	3732.0	1.46	1.67	4.29	49.06	0.01	0.56	49.0	232.0	0.0	609914.0	8546215.0	226587.0	0	0.0	12084079.0	24178	0.0	0.2	22.91	2768488.0	3342.0	518611	1.88
SLX-14347.D707_D505.HVFCGBBXX.s_3.r_1_trimmed_Oar_v3.1	59.35	282183.0	1802.0	1.48	1.67	9.52	49.1	0.01	0.54	49.0	134.0	0.0	278367.0	4959516.0	77344.0	0	0.0	8355763.0	17556	0.0	0.21	29.99	2505497.0	1880.0	795850	0.93
SLX-14347.D707_D505.HVFCGBBXX.s_4.r_1_trimmed_Oar_v3.1	59.23	294976.0	1856.0	1.47	1.67	9.69	49.12	0.01	0.53	49.0	133.0	0.0	291210.0	5184279.0	81645.0	0	0.0	8752750.0	18394	0.0	0.21	29.93	2619700.0	1777.0	848732	0.93
SLX-14347.D707_D506.HVFCGBBXX.s_3.r_1_trimmed_Oar_v3.1	60.86	297767.0	1788.0	1.47	1.63	4.43	49.11	0.01	0.7	49.0	120.0	0.0	293639.0	7205115.0	107247.0	0	0.0	11839408.0	29592	0.0	0.25	33.56	3973082.0	2220.0	524372	0.91
SLX-14347.D707_D506.HVFCGBBXX.s_4.r_1_trimmed_Oar_v3.1	60.76	310382.0	1941.0	1.46	1.64	4.44	49.13	0.01	0.7	49.0	123.0	0.0	305955.0	7470843.0	111586.0	0	0.0	12295914.0	30705	0.0	0.25	33.65	4137456.0	2363.0	545324	0.91
SLX-14347.D708_D504.HVFCGBBXX.s_3.r_1_trimmed_Oar_v3.1	66.44	498498.0	3033.0	1.48	1.63	4.24	49.06	0.01	0.61	49.0	189.0	0.0	492486.0	7971671.0	159994.0	0	0.0	11998926.0	24022	0.0	0.2	27.79	3333980.0	2790.0	509259	1.33
SLX-14347.D708_D504.HVFCGBBXX.s_4.r_1_trimmed_Oar_v3.1	66.39	513273.0	3303.0	1.46	1.65	4.25	49.07	0.01	0.61	49.0	225.0	0.0	506832.0	8177869.0	165309.0	0	0.0	12317755.0	24632	0.0	0.2	27.82	3426525.0	2913.0	523420	1.34
SLX-14347.D708_D505.HVFCGBBXX.s_3.r_1_trimmed_Oar_v3.1	60.57	317841.0	1778.0	1.48	1.65	5.7	49.11	0.01	0.52	49.0	117.0	0.0	314192.0	5562707.0	123954.0	0	0.0	9184542.0	19272	0.0	0.21	32.18	2955508.0	1754.0	523101	1.35
SLX-14347.D708_D505.HVFCGBBXX.s_4.r_1_trimmed_Oar_v3.1	60.46	328082.0	1769.0	1.5	1.66	5.76	49.13	0.01	0.52	49.0	121.0	0.0	324417.0	5716290.0	127931.0	0	0.0	9453925.0	19876	0.01	0.21	32.21	3044655.0	1775.0	545173	1.35
SLX-14347.D708_D506.HVFCGBBXX.s_3.r_1_trimmed_Oar_v3.1	61.63	172951.0	1241.0	1.47	1.68	11.56	49.09	0.01	0.66	49.0	78.0	0.0	170283.0	3805176.0	44145.0	0	0.0	6173900.0	12965	0.01	0.21	25.88	1597943.0	1349.0	713671	0.72
SLX-14347.D708_D506.HVFCGBBXX.s_4.r_1_trimmed_Oar_v3.1	61.42	176560.0	1188.0	1.47	1.69	11.72	49.11	0.01	0.65	49.0	72.0	0.0	173881.0	3900180.0	44302.0	0	0.0	6350426.0	13971	0.01	0.22	25.95	1647723.0	1419.0	744250	0.7
SLX-14347.D709_D504.HVFCGBBXX.s_3.r_1_trimmed_Oar_v3.1	65.08	394073.0	2348.0	1.47	1.66	2.52	49.08	0.01	0.41	49.0	163.0	0.0	389415.0	5444720.0	157343.0	0	0.0	8366231.0	15101	0.0	0.18	30.33	2537657.0	2147.0	211410	1.88
SLX-14347.D709_D504.HVFCGBBXX.s_4.r_1_trimmed_Oar_v3.1	65.08	404742.0	2427.0	1.47	1.67	2.51	49.1	0.01	0.41	49.0	174.0	0.0	400082.0	5598386.0	161160.0	0	0.0	8601904.0	15519	0.0	0.18	30.35	2610441.0	2059.0	216398	1.87
SLX-14347.D709_D505.HVFCGBBXX.s_3.r_1_trimmed_Oar_v3.1	65.81	176981.0	1012.0	1.5	1.65	4.89	49.09	0.01	0.84	49.0	91.0	0.0	174964.0	4412880.0	90980.0	0	0.0	6705424.0	21468	0.0	0.32	27.62	1852046.0	914.0	328050	1.36
SLX-14347.D709_D505.HVFCGBBXX.s_4.r_1_trimmed_Oar_v3.1	65.75	181734.0	1030.0	1.49	1.63	4.91	49.11	0.01	0.83	49.0	74.0	0.0	179676.0	4529620.0	94131.0	0	0.0	6889646.0	22065	0.0	0.32	27.65	1905278.0	954.0	338552	1.37
SLX-14347.D709_D506.HVFCGBBXX.s_3.r_1_trimmed_Oar_v3.1	54.12	202814.0	1398.0	1.47	1.65	5.17	49.11	0.01	0.53	49.0	107.0	0.0	199742.0	4554701.0	47904.0	0	0.0	8416304.0	16845	0.01	0.2	39.94	3361403.0	1567.0	435451	0.57
SLX-14347.D709_D506.HVFCGBBXX.s_4.r_1_trimmed_Oar_v3.1	53.95	209213.0	1525.0	1.46	1.66	5.24	49.13	0.01	0.53	49.0	112.0	0.0	206042.0	4680128.0	49292.0	0	0.0	8675495.0	17360	0.01	0.2	40.04	3473891.0	1534.0	454824	0.57
SLX-14347.D710_D504.HVFCGBBXX.s_3.r_1_trimmed_Oar_v3.1	65.08	447596.0	2794.0	1.45	1.69	2.84	49.09	0.01	0.51	49.0	177.0	0.0	442020.0	7227108.0	174423.0	0	0.0	11105181.0	24397	0.0	0.22	30.3	3364315.0	2605.0	314938	1.57
SLX-14347.D710_D504.HVFCGBBXX.s_4.r_1_trimmed_Oar_v3.1	65.0	458534.0	2810.0	1.45	1.69	2.82	49.11	0.01	0.51	49.0	187.0	0.0	452857.0	7386542.0	178181.0	0	0.0	11363927.0	24993	0.0	0.22	30.39	3453841.0	2680.0	320370	1.57
SLX-14347.D710_D505.HVFCGBBXX.s_3.r_1_trimmed_Oar_v3.1	65.5	369865.0	2110.0	1.47	1.66	4.18	49.09	0.01	0.71	49.0	146.0	0.0	365410.0	7373936.0	196966.0	0	0.0	11257142.0	26984	0.0	0.24	28.33	3189292.0	2199.0	469964	1.75
SLX-14347.D710_D505.HVFCGBBXX.s_4.r_1_trimmed_Oar_v3.1	65.46	376137.0	2264.0	1.46	1.65	4.19	49.11	0.01	0.7	49.0	180.0	0.0	371448.0	7504941.0	200414.0	0	0.0	11464319.0	27514	0.0	0.24	28.36	3251099.0	2245.0	480351	1.75
SLX-14347.D710_D506.HVFCGBBXX.s_3.r_1_trimmed_Oar_v3.1	66.43	499981.0	2886.0	1.45	1.69	2.84	49.11	0.01	0.43	49.0	204.0	0.0	494164.0	8186818.0	220927.0	0	0.0	12323989.0	34592	0.01	0.28	28.65	3530785.0	2727.0	350867	1.79
SLX-14347.D710_D506.HVFCGBBXX.s_4.r_1_trimmed_Oar_v3.1	66.38	511399.0	2872.0	1.46	1.67	2.85	49.12	0.01	0.43	49.0	204.0	0.0	505448.0	8385974.0	226536.0	0	0.0	12633689.0	35433	0.01	0.28	28.69	3625092.0	2875.0	360654	1.79
SLX-14347.D711_D504.HVFCGBBXX.s_3.r_1_trimmed_Oar_v3.1	63.52	347158.0	2091.0	1.45	1.66	2.96	49.09	0.01	0.54	49.0	137.0	0.0	342777.0	5963304.0	112994.0	0	0.0	9388427.0	19743	0.0	0.21	32.1	3014104.0	2153.0	278282	1.2
SLX-14347.D711_D504.HVFCGBBXX.s_4.r_1_trimmed_Oar_v3.1	63.49	360055.0	2237.0	1.47	1.66	2.97	49.11	0.01	0.54	49.0	160.0	0.0	355623.0	6136147.0	118263.0	0	0.0	9665464.0	21230	0.0	0.22	32.11	3103226.0	2035.0	286598	1.22
SLX-14347.D711_D505.HVFCGBBXX.s_3.r_1_trimmed_Oar_v3.1	64.89	339881.0	1953.0	1.52	1.7	4.04	49.09	0.01	0.82	49.0	128.0	0.0	335583.0	7825436.0	146271.0	0	0.0	12058693.0	28910	0.0	0.24	29.62	3571430.0	2217.0	486646	1.21
SLX-14347.D711_D505.HVFCGBBXX.s_4.r_1_trimmed_Oar_v3.1	64.88	348896.0	2061.0	1.53	1.66	4.02	49.11	0.01	0.81	49.0	119.0	0.0	344474.0	8052143.0	150547.0	0	0.0	12411063.0	29825	0.0	0.24	29.64	3678971.0	2242.0	499577	1.21
SLX-14347.D711_D506.HVFCGBBXX.s_3.r_1_trimmed_Oar_v3.1	69.82	1071399.0	6519.0	1.46	1.64	2.7	49.08	0.01	0.32	49.0	483.0	0.0	1059607.0	13440797.0	334825.0	0	0.0	19251947.0	57715	0.0	0.3	25.45	4899177.0	4790.0	519433	1.74
SLX-14347.D711_D506.HVFCGBBXX.s_4.r_1_trimmed_Oar_v3.1	69.72	1107263.0	6680.0	1.46	1.63	2.72	49.1	0.01	0.31	49.0	469.0	0.0	1095146.0	13860574.0	349427.0	0	0.0	19880482.0	59666	0.0	0.3	25.5	5069847.0	4968.0	540968	1.76
SLX-14347.D712_D504.HVFCGBBXX.s_3.r_1_trimmed_Oar_v3.1	60.54	335023.0	2028.0	1.48	1.64	3.46	49.09	0.01	0.58	49.0	145.0	0.0	330745.0	5588359.0	111599.0	0	0.0	9231383.0	16640	0.0	0.18	34.61	3194925.0	2105.0	319860	1.21
SLX-14347.D712_D504.HVFCGBBXX.s_4.r_1_trimmed_Oar_v3.1	60.49	345104.0	2132.0	1.46	1.63	3.48	49.1	0.01	0.58	49.0	152.0	0.0	340667.0	5742972.0	115073.0	0	0.0	9493985.0	17087	0.0	0.18	34.64	3288499.0	2153.0	330354	1.21
SLX-14347.D712_D505.HVFCGBBXX.s_3.r_1_trimmed_Oar_v3.1	65.62	86650.0	441.0	1.52	1.68	5.76	49.08	0.01	1.13	49.0	42.0	0.0	85463.0	3498136.0	35175.0	0	0.0	5330640.0	12802	0.0	0.24	27.71	1477277.0	704.0	307250	0.66
SLX-14347.D712_D505.HVFCGBBXX.s_4.r_1_trimmed_Oar_v3.1	65.53	89455.0	508.0	1.47	1.69	5.8	49.1	0.01	1.13	49.0	40.0	0.0	88183.0	3590802.0	36073.0	0	0.0	5479295.0	13683	0.0	0.25	27.76	1521294.0	724.0	317443	0.66
SLX-14347.D712_D506.HVFCGBBXX.s_3.r_1_trimmed_Oar_v3.1	65.3	323342.0	1894.0	1.45	1.67	3.32	49.1	0.01	0.49	49.0	142.0	0.0	319434.0	5428340.0	104538.0	0	0.0	8312704.0	21618	0.0	0.26	29.86	2482158.0	1872.0	276050	1.26
SLX-14347.D712_D506.HVFCGBBXX.s_4.r_1_trimmed_Oar_v3.1	65.24	332627.0	1935.0	1.44	1.67	3.31	49.12	0.01	0.49	49.0	163.0	0.0	328577.0	5582454.0	107817.0	0	0.0	8556714.0	23112	0.0	0.27	29.92	2559991.0	1952.0	283340	1.26
