Sample	Unassigned_Ambiguity	Unassigned_MappingQuality	percent_assigned	Unassigned_Nonjunction	Unassigned_Duplicate	Unassigned_Chimera	Unassigned_Unmapped	Assigned	Unassigned_MultiMapping	Unassigned_Secondary	Unassigned_NoFeatures	Unassigned_FragmentLength	Total
SLX-14347.D701_D504.HVFCGBBXX.s_3.r_1_trimmed_Oar_v3.1.star	40447	0	19.624893786	0	0	0	0	2149076	6546632	0	2214610	0	10950765
SLX-14347.D701_D504.HVFCGBBXX.s_4.r_1_trimmed_Oar_v3.1.star	40827	0	19.5966159729	0	0	0	0	2195452	6703602	0	2263339	0	11203220
SLX-14347.D701_D505.HVFCGBBXX.s_3.r_1_trimmed_Oar_v3.1.star	56260	0	15.8316174533	0	0	0	0	2974633	11909926	0	3848373	0	18789192
SLX-14347.D701_D505.HVFCGBBXX.s_4.r_1_trimmed_Oar_v3.1.star	58019	0	15.8164974695	0	0	0	0	3052454	12241369	0	3947336	0	19299178
SLX-14347.D701_D506.HVFCGBBXX.s_3.r_1_trimmed_Oar_v3.1.star	65950	0	18.6830745206	0	0	0	0	3462852	10911389	0	4094510	0	18534701
SLX-14347.D701_D506.HVFCGBBXX.s_4.r_1_trimmed_Oar_v3.1.star	68152	0	18.6481472051	0	0	0	0	3552045	11231793	0	4195720	0	19047710
SLX-14347.D701_D507.HVFCGBBXX.s_3.r_1_trimmed_Oar_v3.1.star	68190	0	16.9377548195	0	0	0	0	3312514	13201933	0	2974347	0	19556984
SLX-14347.D701_D507.HVFCGBBXX.s_4.r_1_trimmed_Oar_v3.1.star	69738	0	16.9137251444	0	0	0	0	3385858	13517397	0	3045412	0	20018405
SLX-14347.D702_D504.HVFCGBBXX.s_3.r_1_trimmed_Oar_v3.1.star	37697	0	19.331351118	0	0	0	0	2111589	6570827	0	2203019	0	10923132
SLX-14347.D702_D504.HVFCGBBXX.s_4.r_1_trimmed_Oar_v3.1.star	39018	0	19.2415336678	0	0	0	0	2158349	6760096	0	2259673	0	11217136
SLX-14347.D702_D505.HVFCGBBXX.s_3.r_1_trimmed_Oar_v3.1.star	55844	0	16.8179773829	0	0	0	0	2862466	11478069	0	2623896	0	17020275
SLX-14347.D702_D505.HVFCGBBXX.s_4.r_1_trimmed_Oar_v3.1.star	57814	0	16.8106429563	0	0	0	0	2947932	11832197	0	2698162	0	17536105
SLX-14347.D702_D506.HVFCGBBXX.s_3.r_1_trimmed_Oar_v3.1.star	57876	0	16.7521488015	0	0	0	0	3087155	11056040	0	4227341	0	18428412
SLX-14347.D702_D506.HVFCGBBXX.s_4.r_1_trimmed_Oar_v3.1.star	60158	0	16.7091025995	0	0	0	0	3180310	11438983	0	4353947	0	19033398
SLX-14347.D703_D504.HVFCGBBXX.s_3.r_1_trimmed_Oar_v3.1.star	62308	0	21.6665167285	0	0	0	0	3465664	9395240	0	3072271	0	15995483
SLX-14347.D703_D504.HVFCGBBXX.s_4.r_1_trimmed_Oar_v3.1.star	64696	0	21.6700246522	0	0	0	0	3572644	9682572	0	3166659	0	16486571
SLX-14347.D703_D505.HVFCGBBXX.s_3.r_1_trimmed_Oar_v3.1.star	58495	0	18.6328415156	0	0	0	0	3229399	10006246	0	4037618	0	17331758
SLX-14347.D703_D505.HVFCGBBXX.s_4.r_1_trimmed_Oar_v3.1.star	61151	0	18.6014160913	0	0	0	0	3336427	10362888	0	4175948	0	17936414
SLX-14347.D703_D506.HVFCGBBXX.s_3.r_1_trimmed_Oar_v3.1.star	249384	0	17.7079443102	0	0	0	0	2233276	7334629	0	2794429	0	12611718
SLX-14347.D703_D506.HVFCGBBXX.s_4.r_1_trimmed_Oar_v3.1.star	255502	0	17.6951870338	0	0	0	0	2309126	7605154	0	2879676	0	13049458
SLX-14347.D704_D504.HVFCGBBXX.s_3.r_1_trimmed_Oar_v3.1.star	60956	0	19.203241644	0	0	0	0	3696716	10571153	0	4921654	0	19250479
SLX-14347.D704_D504.HVFCGBBXX.s_4.r_1_trimmed_Oar_v3.1.star	62606	0	19.2335849004	0	0	0	0	3798774	10842579	0	5046774	0	19750733
SLX-14347.D704_D505.HVFCGBBXX.s_3.r_1_trimmed_Oar_v3.1.star	68823	0	19.8586427135	0	0	0	0	3762060	11692732	0	3420580	0	18944195
SLX-14347.D704_D505.HVFCGBBXX.s_4.r_1_trimmed_Oar_v3.1.star	70788	0	19.8450818639	0	0	0	0	3886260	12094445	0	3531495	0	19582988
SLX-14347.D704_D506.HVFCGBBXX.s_3.r_1_trimmed_Oar_v3.1.star	35152	0	14.3876047051	0	0	0	0	1850029	8445516	0	2527795	0	12858492
SLX-14347.D704_D506.HVFCGBBXX.s_4.r_1_trimmed_Oar_v3.1.star	36230	0	14.3572275959	0	0	0	0	1903176	8712051	0	2604417	0	13255874
SLX-14347.D705_D504.HVFCGBBXX.s_3.r_1_trimmed_Oar_v3.1.star	52073	0	20.6626053786	0	0	0	0	3118182	8816350	0	3104338	0	15090943
SLX-14347.D705_D504.HVFCGBBXX.s_4.r_1_trimmed_Oar_v3.1.star	53011	0	20.6592902613	0	0	0	0	3177573	8995153	0	3155106	0	15380843
SLX-14347.D705_D505.HVFCGBBXX.s_3.r_1_trimmed_Oar_v3.1.star	34516	0	17.0770576847	0	0	0	0	2094059	7156522	0	2977314	0	12262411
SLX-14347.D705_D505.HVFCGBBXX.s_4.r_1_trimmed_Oar_v3.1.star	34489	0	17.0858305707	0	0	0	0	2143508	7336008	0	3031525	0	12545530
SLX-14347.D705_D506.HVFCGBBXX.s_3.r_1_trimmed_Oar_v3.1.star	37630	0	18.648682416	0	0	0	0	2091159	6344355	0	2740297	0	11213441
SLX-14347.D705_D506.HVFCGBBXX.s_4.r_1_trimmed_Oar_v3.1.star	38533	0	18.5929532918	0	0	0	0	2130761	6499153	0	2791599	0	11460046
SLX-14347.D706_D504.HVFCGBBXX.s_3.r_1_trimmed_Oar_v3.1.star	45728	0	15.4580114727	0	0	0	0	2954303	11716685	0	4395076	0	19111792
SLX-14347.D706_D504.HVFCGBBXX.s_4.r_1_trimmed_Oar_v3.1.star	46614	0	15.4350459306	0	0	0	0	3042714	12099951	0	4523743	0	19713022
SLX-14347.D706_D505.HVFCGBBXX.s_3.r_1_trimmed_Oar_v3.1.star	25711	0	10.7763945753	0	0	0	0	1584427	9178019	0	3914599	0	14702756
SLX-14347.D706_D505.HVFCGBBXX.s_4.r_1_trimmed_Oar_v3.1.star	26531	0	10.7548935727	0	0	0	0	1638281	9522477	0	4045600	0	15232889
SLX-14347.D706_D506.HVFCGBBXX.s_3.r_1_trimmed_Oar_v3.1.star	36379	0	13.3223800751	0	0	0	0	2024967	9253081	0	3885312	0	15199739
SLX-14347.D706_D506.HVFCGBBXX.s_4.r_1_trimmed_Oar_v3.1.star	37293	0	13.3510014268	0	0	0	0	2100220	9584955	0	4008337	0	15730805
SLX-14347.D707_D504.HVFCGBBXX.s_3.r_1_trimmed_Oar_v3.1.star	70828	0	24.5350787208	0	0	0	0	4233585	9066680	0	3884140	0	17255233
SLX-14347.D707_D504.HVFCGBBXX.s_4.r_1_trimmed_Oar_v3.1.star	73137	0	24.5204394349	0	0	0	0	4421341	9485032	0	4051737	0	18031247
SLX-14347.D707_D505.HVFCGBBXX.s_3.r_1_trimmed_Oar_v3.1.star	45812	0	16.8555199473	0	0	0	0	2293849	8649373	0	2619855	0	13608889
SLX-14347.D707_D505.HVFCGBBXX.s_4.r_1_trimmed_Oar_v3.1.star	47910	0	16.8358572846	0	0	0	0	2394798	9040111	0	2741571	0	14224390
SLX-14347.D707_D506.HVFCGBBXX.s_3.r_1_trimmed_Oar_v3.1.star	52209	0	13.7298253791	0	0	0	0	2820120	13334986	0	4332786	0	20540101
SLX-14347.D707_D506.HVFCGBBXX.s_4.r_1_trimmed_Oar_v3.1.star	53748	0	13.6938646338	0	0	0	0	2925933	13895901	0	4491162	0	21366744
SLX-14347.D708_D504.HVFCGBBXX.s_3.r_1_trimmed_Oar_v3.1.star	65617	0	19.8045684038	0	0	0	0	3819941	11316510	0	4086113	0	19288181
SLX-14347.D708_D504.HVFCGBBXX.s_4.r_1_trimmed_Oar_v3.1.star	67039	0	19.7904260072	0	0	0	0	3921918	11639380	0	4188912	0	19817249
SLX-14347.D708_D505.HVFCGBBXX.s_3.r_1_trimmed_Oar_v3.1.star	50786	0	16.5692241915	0	0	0	0	2601912	10140575	0	2910009	0	15703282
SLX-14347.D708_D505.HVFCGBBXX.s_4.r_1_trimmed_Oar_v3.1.star	51657	0	16.5286797817	0	0	0	0	2672690	10453725	0	2991943	0	16170015
SLX-14347.D708_D506.HVFCGBBXX.s_3.r_1_trimmed_Oar_v3.1.star	25927	0	16.6298864967	0	0	0	0	1534271	5420810	0	2244978	0	9225986
SLX-14347.D708_D506.HVFCGBBXX.s_4.r_1_trimmed_Oar_v3.1.star	26556	0	16.5637176141	0	0	0	0	1572428	5593027	0	2301196	0	9493207
SLX-14347.D709_D504.HVFCGBBXX.s_3.r_1_trimmed_Oar_v3.1.star	48964	0	20.0987671671	0	0	0	0	2877399	8871576	0	2518357	0	14316296
SLX-14347.D709_D504.HVFCGBBXX.s_4.r_1_trimmed_Oar_v3.1.star	49602	0	20.1029107143	0	0	0	0	2961247	9132053	0	2587537	0	14730439
SLX-14347.D709_D505.HVFCGBBXX.s_3.r_1_trimmed_Oar_v3.1.star	23328	0	14.605972479	0	0	0	0	1575411	6373194	0	2814141	0	10786074
SLX-14347.D709_D505.HVFCGBBXX.s_4.r_1_trimmed_Oar_v3.1.star	23994	0	14.5790573859	0	0	0	0	1616553	6558566	0	2889073	0	11088186
SLX-14347.D709_D506.HVFCGBBXX.s_3.r_1_trimmed_Oar_v3.1.star	37515	0	12.5192852601	0	0	0	0	2012082	11517159	0	2505104	0	16071860
SLX-14347.D709_D506.HVFCGBBXX.s_4.r_1_trimmed_Oar_v3.1.star	38489	0	12.477103646	0	0	0	0	2069540	11906574	0	2572099	0	16586702
SLX-14347.D710_D504.HVFCGBBXX.s_3.r_1_trimmed_Oar_v3.1.star	61326	0	18.2573380197	0	0	0	0	3455126	11697480	0	3710656	0	18924588
SLX-14347.D710_D504.HVFCGBBXX.s_4.r_1_trimmed_Oar_v3.1.star	63304	0	18.1895139506	0	0	0	0	3528815	12013729	0	3794423	0	19400271
SLX-14347.D710_D505.HVFCGBBXX.s_3.r_1_trimmed_Oar_v3.1.star	50357	0	16.4970868228	0	0	0	0	3035721	11027622	0	4287858	0	18401558
SLX-14347.D710_D505.HVFCGBBXX.s_4.r_1_trimmed_Oar_v3.1.star	51194	0	16.5024356528	0	0	0	0	3094309	11245679	0	4359438	0	18750620
SLX-14347.D710_D506.HVFCGBBXX.s_3.r_1_trimmed_Oar_v3.1.star	66185	0	19.0699267014	0	0	0	0	3903007	12279999	0	4217626	0	20466817
SLX-14347.D710_D506.HVFCGBBXX.s_4.r_1_trimmed_Oar_v3.1.star	67636	0	19.0194935119	0	0	0	0	3991852	12602240	0	4326486	0	20988214
SLX-14347.D711_D504.HVFCGBBXX.s_3.r_1_trimmed_Oar_v3.1.star	55114	0	17.0408578766	0	0	0	0	2775064	10321463	0	3133126	0	16284767
SLX-14347.D711_D504.HVFCGBBXX.s_4.r_1_trimmed_Oar_v3.1.star	56517	0	17.0579065486	0	0	0	0	2859713	10628589	0	3219917	0	16764736
SLX-14347.D711_D505.HVFCGBBXX.s_3.r_1_trimmed_Oar_v3.1.star	51441	0	14.9706095544	0	0	0	0	2992472	12163543	0	4781523	0	19988979
SLX-14347.D711_D505.HVFCGBBXX.s_4.r_1_trimmed_Oar_v3.1.star	52236	0	14.9465737679	0	0	0	0	3077972	12541018	0	4921935	0	20593161
SLX-14347.D711_D506.HVFCGBBXX.s_3.r_1_trimmed_Oar_v3.1.star	112754	0	25.1323434307	0	0	0	0	7606828	16826289	0	5721215	0	30267086
SLX-14347.D711_D506.HVFCGBBXX.s_4.r_1_trimmed_Oar_v3.1.star	115818	0	25.0848158205	0	0	0	0	7843310	17406588	0	5901446	0	31267162
SLX-14347.D712_D504.HVFCGBBXX.s_3.r_1_trimmed_Oar_v3.1.star	52027	0	16.1390677161	0	0	0	0	2671435	10964239	0	2864897	0	16552598
SLX-14347.D712_D504.HVFCGBBXX.s_4.r_1_trimmed_Oar_v3.1.star	53208	0	16.1228909907	0	0	0	0	2745170	11283565	0	2944594	0	17026537
SLX-14347.D712_D505.HVFCGBBXX.s_3.r_1_trimmed_Oar_v3.1.star	15226	0	11.8117158309	0	0	0	0	986476	4853538	0	2496434	0	8351674
SLX-14347.D712_D505.HVFCGBBXX.s_4.r_1_trimmed_Oar_v3.1.star	15348	0	11.7712393963	0	0	0	0	1011585	5002898	0	2563869	0	8593700
SLX-14347.D712_D506.HVFCGBBXX.s_3.r_1_trimmed_Oar_v3.1.star	45488	0	18.3754161493	0	0	0	0	2576658	8593971	0	2806194	0	14022311
SLX-14347.D712_D506.HVFCGBBXX.s_4.r_1_trimmed_Oar_v3.1.star	46173	0	18.3219919543	0	0	0	0	2646242	8860528	0	2890039	0	14442982
