Sample	bp_processed	r_with_adapters	quality_trimmed	r_processed	percent_trimmed	bp_written
SLX-14347.D701_D504.HVFCGBBXX.s_3.r_1	341535750	2065464	57640	6830715	0.896980184358	338472242
SLX-14347.D701_D504.HVFCGBBXX.s_4.r_1	349631250	2116965	68408	6992625	0.900101750058	346484213
SLX-14347.D701_D505.HVFCGBBXX.s_3.r_1	539407200	3418182	86812	10788144	0.900225469738	534551319
SLX-14347.D701_D505.HVFCGBBXX.s_4.r_1	553511000	3506830	103850	11070220	0.90281530087	548513818
SLX-14347.D701_D506.HVFCGBBXX.s_3.r_1	577793100	3596223	97364	11555862	0.907886923537	572547392
SLX-14347.D701_D506.HVFCGBBXX.s_4.r_1	593430050	3692674	113159	11868601	0.910033962722	588029635
SLX-14347.D701_D507.HVFCGBBXX.s_3.r_1	547524650	3442380	91818	10950493	0.920158389216	542486556
SLX-14347.D701_D507.HVFCGBBXX.s_4.r_1	560787850	3523400	109489	11215757	0.922567598424	555614203
SLX-14347.D702_D504.HVFCGBBXX.s_3.r_1	336189350	2039949	53536	6723787	0.895466795721	333178886
SLX-14347.D702_D504.HVFCGBBXX.s_4.r_1	344849850	2090348	64817	6896997	0.898171479558	341752507
SLX-14347.D702_D505.HVFCGBBXX.s_3.r_1	465693250	2969834	73294	9313865	0.913396747752	461439623
SLX-14347.D702_D505.HVFCGBBXX.s_4.r_1	479585550	3053576	89644	9591711	0.914183715502	475201257
SLX-14347.D702_D506.HVFCGBBXX.s_3.r_1	560303800	3530630	86483	11206076	0.899327828939	555264832
SLX-14347.D702_D506.HVFCGBBXX.s_4.r_1	577756100	3640777	103552	11555122	0.902167194773	572543774
SLX-14347.D703_D504.HVFCGBBXX.s_3.r_1	495219000	3113707	77336	9904380	0.917603121043	490674855
SLX-14347.D703_D504.HVFCGBBXX.s_4.r_1	510789750	3211497	94754	10215795	0.919533330495	506092868
SLX-14347.D703_D505.HVFCGBBXX.s_3.r_1	549336050	3429816	87157	10986721	0.894891387521	544420089
SLX-14347.D703_D505.HVFCGBBXX.s_4.r_1	568385850	3547440	107339	11367717	0.897213926068	563286213
SLX-14347.D703_D506.HVFCGBBXX.s_3.r_1	399019450	2431141	58552	7980389	0.884374934605	395490622
SLX-14347.D703_D506.HVFCGBBXX.s_4.r_1	412302900	2511856	72408	8246058	0.885546281629	408651767
SLX-14347.D704_D504.HVFCGBBXX.s_3.r_1	638961950	3865325	94040	12779239	0.882750373477	633321511
SLX-14347.D704_D504.HVFCGBBXX.s_4.r_1	656002600	3961029	113559	13120052	0.88442926903	650200721
SLX-14347.D704_D505.HVFCGBBXX.s_3.r_1	562879150	3533102	93494	11257583	0.89639294687	557833541
SLX-14347.D704_D505.HVFCGBBXX.s_4.r_1	581754600	3652504	110206	11635092	0.900039810601	576518577
SLX-14347.D704_D506.HVFCGBBXX.s_3.r_1	365294200	2297848	61234	7305884	0.90457663987	361989834
SLX-14347.D704_D506.HVFCGBBXX.s_4.r_1	376480250	2368428	70812	7529605	0.905581368478	373070915
SLX-14347.D705_D504.HVFCGBBXX.s_3.r_1	470950100	2949543	68942	9419002	0.905453677576	466685865
SLX-14347.D705_D504.HVFCGBBXX.s_4.r_1	479614950	2999715	82128	9592299	0.906913764886	475265256
SLX-14347.D705_D505.HVFCGBBXX.s_3.r_1	390990050	2401547	67147	7819801	0.8814070844	387543836
SLX-14347.D705_D505.HVFCGBBXX.s_4.r_1	399685800	2454711	79283	7993716	0.884579086873	396150263
SLX-14347.D705_D506.HVFCGBBXX.s_3.r_1	369492100	2211510	62615	7389842	0.89335252364	366191233
SLX-14347.D705_D506.HVFCGBBXX.s_4.r_1	377266200	2259234	70706	7545324	0.896400472664	373884384
SLX-14347.D706_D504.HVFCGBBXX.s_3.r_1	575927950	3536377	76661	11518559	0.885808025118	570826334
SLX-14347.D706_D504.HVFCGBBXX.s_4.r_1	593546700	3639185	95133	11870934	0.888257992168	588274474
SLX-14347.D706_D505.HVFCGBBXX.s_3.r_1	438605550	2709088	71519	8772111	0.888820262306	434707135
SLX-14347.D706_D505.HVFCGBBXX.s_4.r_1	453956500	2802840	87042	9079130	0.890115903176	449915761
SLX-14347.D706_D506.HVFCGBBXX.s_3.r_1	472328900	2865547	66413	9446578	0.889527826902	468127403
SLX-14347.D706_D506.HVFCGBBXX.s_4.r_1	488736050	2962291	82608	9774721	0.892438976008	484374379
SLX-14347.D707_D504.HVFCGBBXX.s_3.r_1	578895650	3551788	82860	11577913	0.902947880158	573668524
SLX-14347.D707_D504.HVFCGBBXX.s_4.r_1	604322650	3713060	100884	12086453	0.905805532856	598848662
SLX-14347.D707_D505.HVFCGBBXX.s_3.r_1	417831300	2472825	75588	8356626	0.847599497692	414289764
SLX-14347.D707_D505.HVFCGBBXX.s_4.r_1	437684050	2581482	91039	8753681	0.846484810219	433979121
SLX-14347.D707_D506.HVFCGBBXX.s_3.r_1	592126200	3739212	89421	11842524	0.910682216055	586733812
SLX-14347.D707_D506.HVFCGBBXX.s_4.r_1	614962700	3882673	108611	12299254	0.913149529232	609347171
SLX-14347.D708_D504.HVFCGBBXX.s_3.r_1	600089850	3750654	88526	12001797	0.916056987133	594592685
SLX-14347.D708_D504.HVFCGBBXX.s_4.r_1	616042400	3853127	106926	12320848	0.920269124333	610373152
SLX-14347.D708_D505.HVFCGBBXX.s_3.r_1	459275800	2886949	82857	9185516	0.899193033903	455146024
SLX-14347.D708_D505.HVFCGBBXX.s_4.r_1	472742400	2968286	97220	9454848	0.899848627921	468488434
SLX-14347.D708_D506.HVFCGBBXX.s_3.r_1	308926950	1779373	51263	6178539	0.884920852648	306193191
SLX-14347.D708_D506.HVFCGBBXX.s_4.r_1	317776100	1827478	60792	6355522	0.890160713786	314947382
SLX-14347.D709_D504.HVFCGBBXX.s_3.r_1	418368450	2687114	62879	8367369	0.92264796736	414508382
SLX-14347.D709_D504.HVFCGBBXX.s_4.r_1	430155400	2764956	74977	8603108	0.925903754783	426172575
SLX-14347.D709_D505.HVFCGBBXX.s_3.r_1	335369650	2114265	56001	6707393	0.911482598381	332312814
SLX-14347.D709_D505.HVFCGBBXX.s_4.r_1	344581700	2169825	67479	6891634	0.912837797248	341436228
SLX-14347.D709_D506.HVFCGBBXX.s_3.r_1	421001600	2661786	66633	8420032	0.936830406345	417057529
SLX-14347.D709_D506.HVFCGBBXX.s_4.r_1	433970000	2738967	79032	8679400	0.938401041547	429897621
SLX-14347.D710_D504.HVFCGBBXX.s_3.r_1	555330450	3552975	83689	11106609	0.915422339978	550246831
SLX-14347.D710_D504.HVFCGBBXX.s_4.r_1	568271100	3634640	100666	11365422	0.917453659002	563057476
SLX-14347.D710_D505.HVFCGBBXX.s_3.r_1	562964100	3524502	89842	11259282	0.897847837899	557909539
SLX-14347.D710_D505.HVFCGBBXX.s_4.r_1	573324650	3593522	107730	11466493	0.902003951862	568153239
SLX-14347.D710_D506.HVFCGBBXX.s_3.r_1	616321150	3986347	101564	12326423	0.937213496567	610544905
SLX-14347.D710_D506.HVFCGBBXX.s_4.r_1	631811300	4086624	120825	12636226	0.939463254298	625875665
SLX-14347.D711_D504.HVFCGBBXX.s_3.r_1	469478500	3013470	70706	9389570	0.91546364743	465180595
SLX-14347.D711_D504.HVFCGBBXX.s_4.r_1	483332200	3098992	86612	9666644	0.917019805426	478899948
SLX-14347.D711_D505.HVFCGBBXX.s_3.r_1	603033300	3732817	94689	12060666	0.88110225422	597719960
SLX-14347.D711_D505.HVFCGBBXX.s_4.r_1	620653050	3837904	114228	12413061	0.88262516393	615175010
SLX-14347.D711_D506.HVFCGBBXX.s_3.r_1	962736150	6237988	151307	19254723	0.93836353813	953702185
SLX-14347.D711_D506.HVFCGBBXX.s_4.r_1	994174300	6439818	183340	19883486	0.941623314946	984812923
SLX-14347.D712_D504.HVFCGBBXX.s_3.r_1	461668450	2913096	66102	9233369	0.906650216189	457482732
SLX-14347.D712_D504.HVFCGBBXX.s_4.r_1	474803800	2990431	80931	9496076	0.907456511511	470495162
SLX-14347.D712_D505.HVFCGBBXX.s_3.r_1	266627150	1598830	39642	5332543	0.869638369536	264308458
SLX-14347.D712_D505.HVFCGBBXX.s_4.r_1	274063750	1641658	48786	5481275	0.872264938358	271673188
SLX-14347.D712_D506.HVFCGBBXX.s_3.r_1	415741350	2640206	65902	8314827	0.922913248826	411904418
SLX-14347.D712_D506.HVFCGBBXX.s_4.r_1	427947250	2715627	78811	8558945	0.925267775409	423987592
